Taxonomy	H1	H2	H3	H4	H5	H6	H7	H8	N1	N2	N3	N4	N5	N6	N7	N8	O1	O2	O3	O4	O5	O6	O7	O8	Tax_detail
Lactobacillaceae	0.334145991682203	0.33361112891852	0.510607817722901	0.577500116122439	0.559646972297132	0.335762128892107	0.112907536076964	0.394053295932679	0.342205180256381	0.446661589235847	0.0464456895969756	0.377386850748761	0.322619166086178	0.383044764537562	0.420990771373846	0.299472519993194	0.483986409966025	0.310260624559756	0.357622711019612	0.295555223732019	0.327864882862159	0.258042475659056	0.288859278141475	0.352757034019763	k__Bacteria;p__Firmicutes;c__Bacilli;o__Lactobacillales;f__Lactobacillaceae;
Lachnospiraceae	0.234117309622831	0.0985319571767421	0.080223753325602	0.096660318639974	0.0798725177739642	0.0383779869659667	0.373129342597541	0.0661430575035063	0.124393819781211	0.0856562579334857	0.107979477485992	0.0714802649891444	0.0738879490496566	0.0800717784567632	0.0678652272331534	0.0464522715671261	0.202763306908267	0.10208969241606	0.0339148336764547	0.312975959384799	0.163266541558206	0.304845413653704	0.141359133306297	0.116089613034623	k__Bacteria;p__Firmicutes;c__Clostridia;o__Clostridiales;f__Lachnospiraceae;
F16	0.0306180983794636	0.15904865696519	0.121699979534757	0.0566213015003019	0.0422652610934052	0.277244750181028	0.124398717263495	0.0398316970546985	0.0811247697454983	0.0648387915714648	0.0522514007965976	0.0287813839559094	0.0349288486416559	0.110335127794752	0.0837106042138255	0.0494016221428166	0.0115515288788222	0.042779995304062	0.0874417596706035	0.00378278831317505	0.174707912101217	0.09235324261231	0.0952436127686693	0.191860903673531	k__Bacteria;p__TM7;c__TM7-3;o__CW040;f__F16;
Ruminococcaceae	0.040800229456475	0.0116674145778576	0.0552561566273279	0.021134283989038	0.0227506741848492	0.0284666908037654	0.100347407803314	0.076914446002805	0.053682192398782	0.0596598121350597	0.253797340174171	0.063129766742749	0.0819982087769927	0.119792424462874	0.100731325091416	0.0181498496965572	0.0909626274065685	0.136370039915473	0.0494636471990465	0.0801851575332238	0.0727041588473879	0.120651369356033	0.098545854817218	0.067813230746021	k__Bacteria;p__Firmicutes;c__Clostridia;o__Clostridiales;f__Ruminococcaceae;
Erysipelotrichaceae	0.0668291983364406	0.0364125905506763	0.00839074971007572	0.00994008082121789	0.00965923020348125	0.114093048515568	0.02632282202031	0.197699859747546	0.0404496071576256	0.0794110180248794	0.0546816985080672	0.194065579246228	0.0218429694496965	0.0177991173189776	0.0435312554414069	0.0736770461119619	0.00443941109852775	0.0865461375909838	0.152616751544046	0.0475337215668707	0.0918336461044857	0.023458406878096	0.00805283587277678	0.0465414498001056	k__Bacteria;p__Firmicutes;c__Erysipelotrichi;o__Erysipelotrichales;f__Erysipelotrichaceae;
Peptostreptococcaceae	0.0851140111860032	0.126546573498301	0.018623371307729	0.0450555065260811	0.0423142927188036	0.0847664735698769	0.011825227151256	0.0552594670406732	0.0428931243186346	0.0328509774054329	0.0300411800445555	0.0382452819684908	0.119315354761668	0.0555798050341918	0.043966567995821	0.131529692019738	0.0103284258210646	0.0334820380370979	0.0567775490302308	0.0342441889403215	0.0354137659664629	0.0210100780048967	0.0648861595504316	0.0314173644112544	k__Bacteria;p__Firmicutes;c__Clostridia;o__Clostridiales;f__Peptostreptococcaceae;
Desulfovibrionaceae	0.0316219704574788	0.0233348291557151	0.0305614298383246	0.0156997538204283	0.0684481490561412	0.0095492396813903	0.010489043292357	0.0153716690042076	0.0329686853877674	0.0168062960142168	0.089515965705799	0.0140288370539442	0.018111254851229	0.0208060526698676	0.033693191711649	0.0194543701434972	0.0305322763306908	0.0236675275886358	0.018095134900856	0.0245881240356378	0.0220957685089897	0.0220918977395661	0.0472742019581716	0.025571396243494	k__Bacteria;p__Proteobacteria;c__Deltaproteobacteria;o__Desulfovibrionales;f__Desulfovibrionaceae;
Coriobacteriaceae	0.0144127348343611	0.0271812295659978	0.0177365441025991	0.0269404059640485	0.00769796518754597	0.0111332367849385	0.0883885622661678	0.037531556802244	0.0274049847750085	0.0220868240670221	0.0174846418686289	0.075655514112342	0.0167678375957807	0.0258984431834716	0.0202855650356956	0.0106063184164256	0.0106002265005663	0.0227752993660484	0.0219958825441543	0.00507690010452441	0.0094436709243901	0.0186186870124694	0.0116447482764614	0.025571396243494	k__Bacteria;p__Actinobacteria;c__Coriobacteriia;o__Coriobacteriales;f__Coriobacteriaceae;
Spirochaetaceae	0	0	0	0.00148636722560268	0.00156901201274822	0.000316799420709631	0.0129609834313201	0.000336605890603086	0.0113529566557648	0.0121858339680122	0.0517788429082563	0.000334019929855815	0.00174146681261817	0.00339492700906931	0.00204596900574613	0.00754353128013159	0.00742921857304643	0.00432026297252876	0.0123523675371113	0.00064705589567468	0	0	0.000289670355135855	0	k__Bacteria;p__Spirochaetes;c__Spirochaetes;o__Spirochaetales;f__Spirochaetaceae;
Streptococcaceae	0.0161336583966729	0.0129495480479518	0.011392318712054	0.00445910167680803	0.00573670017161069	0.00624547429398986	0.0116247995724212	0.0085273492286115	0.0474042329235743	0.034018786494034	0.0379734017417134	0.0161442966096977	0.0459747238531197	0.0259954410980164	0.0309942538742817	0.0332369122568204	0.00896942242355606	0.0377083822493543	0.0456170766063496	0.0109999502264696	0.00429808099763908	0.00540909867334738	0.00648861595504316	0.0185185185185185	k__Bacteria;p__Firmicutes;c__Bacilli;o__Lactobacillales;f__Streptococcaceae;
Clostridiaceae	0.00609493761652087	0.00512853388037695	0.00163721945562453	0.012216080635422	0.00392253003187056	0.00778421433743664	0.0318679850347408	0.00976157082748948	0.0164279538363219	0.00766692053820767	0.0168095591709984	0.0129711072760675	0.0192058911334461	0.00140646976090014	0.00713912589239074	0.0465089898474278	0.00498301245753114	0.0138060577600376	0.0165781774840178	0.0446468568015529	0.0117440523034082	0.00893924728121619	0.0148311221829558	0.00727917326695331	k__Bacteria;p__Firmicutes;c__Clostridia;o__Clostridiales;f__Clostridiaceae;
S24-7	0.0010038720780152	0.00153856016411308	0.00115969711440071	0	0.00156901201274822	0	0.00387493319080705	0	0.00180444344197587	0.000558517390200559	0.0235266320124215	0	0.00159219822867947	0.00261894369271061	0.000522375065296883	0.00107764732573308	0.00443941109852775	0	0.000162531151804096	0.00248867652182569	0	0	0	0.000264011465640794	k__Bacteria;p__Bacteroidetes;c__Bacteroidia;o__Bacteroidales;f__S24-7;
Veillonellaceae	0.000143410296859315	0	0.00102326215976533	0.000371591806400669	0.00710958568276538	0.00054308472121651	0.00213789417423838	0.000448807854137447	0.000526296003909627	0.000558517390200559	0.0225815162357389	0	0.000945367698278436	0.00955429458266647	0.00526728190841024	0	0.0115968289920725	0.00380370979103076	0.000379239354209557	0.00159275297396844	0.00278467219565349	0.0108181973466948	0.0149469903250101	0.000226295541977823	k__Bacteria;p__Firmicutes;c__Clostridia;o__Clostridiales;f__Veillonellaceae;
[Paraprevotellaceae]	0	0	0	0	0	0.000316799420709631	0	0	0.000112777715123492	0.000355420157400355	0.0103962735435091	0	0.000398049557169868	0.000969979145448373	0.000957687619710953	0	0.000996602491506229	0.000187837520544729	0.000162531151804096	0	0	0	0.000753142923353224	0	k__Bacteria;p__Bacteroidetes;c__Bacteroidia;o__Bacteroidales;f__[Paraprevotellaceae];
Christensenellaceae	0.000501936039007601	0.000512853388037695	0	0.000789632588601421	0.000294189752390292	0.000181028240405503	0.0090860502405131	0.00173913043478261	0.00180444344197587	0.00066006600660066	0.00445554580436103	0.00178143962589768	0.0001492685839387	0.00121247393181047	0.00100121887515236	0.000226873121206965	0.00208380520951302	0.00511857243484386	0.00189619677104778	0.00666965307849286	0.00157394515406502	0.00233445311165518	0.00185389027286947	0.00154635287018179	k__Bacteria;p__Firmicutes;c__Clostridia;o__Clostridiales;f__Christensenellaceae;
[Mogibacteriaceae]	0.00466083464792772	0.00403872043079685	0.00457057098028515	0.00562032607181012	0.00524638391762687	0.00276068066618392	0.00761624799572421	0.00762973352033661	0.00300740573662644	0.00152322924600152	0.0070546141902383	0.00879585815286979	0.00154244203403324	0.00203695620544158	0.00317778164722271	0.00340309681810448	0.00520951302378256	0.00690302888001878	0.00341315418788601	0.00607237071325469	0.00599309885586295	0.00592153960029608	0.00532993453449974	0.00618541148072716	k__Bacteria;p__Firmicutes;c__Clostridia;o__Clostridiales;f__[Mogibacteriaceae];
Gemellaceae	0.000358525742148286	0	0	0.000185795903200334	0	0.000135771180304127	0	0	0.000263148001954814	0	0.000101262404644569	0	0.00811025972733605	0.000921480188175954	0.00104475013059377	0.000170154840905224	0	0.000140878140408547	0	0	0	0.000113875761544155	0	0	k__Bacteria;p__Firmicutes;c__Bacilli;o__Gemellales;f__Gemellaceae;
Turicibacteraceae	0.00172092356231177	0.00692352073850888	0	0.00580612197501045	0.00210835989213042	0.000814627081824765	0	0.00482468443197756	0.000789444005864441	0.000507743082000508	0.000877607506919598	0.0044535990647442	0.00388098318240621	0.000436490615451768	0.000304718788089849	0.00425387102263059	0.000226500566251416	0.00361587227048603	0.000379239354209557	0.000248867652182569	0	0.000113875761544155	0	0.000641170702270499	k__Bacteria;p__Firmicutes;c__Bacilli;o__Turicibacterales;f__Turicibacteraceae;
Enterobacteriaceae	0.000932166929585544	0	0	0	0.00024515812699191	0	0	0	0	0	0.0020590022277729	0	0.00547318141108568	0.00324943013725205	0.00248128156016019	0	0	0.00122094388354074	0.000270885253006826	0.00587327659150864	0	0.00199282582702272	0.00121661549157059	0.000301727389303764	k__Bacteria;p__Proteobacteria;c__Gammaproteobacteria;o__Enterobacteriales;f__Enterobacteriaceae;
Staphylococcaceae	0	0	0	0.000928979516001672	0.000196126501593528	0	0	0.00106591865357644	0	0.000101548616400102	0	0.00044535990647442	0.00522440043785451	0.000339492700906931	0.000304718788089849	0.00181498496965572	0	0	0	0.000547508834801652	0.000242145408317695	0	0.000289670355135855	0.000301727389303764	k__Bacteria;p__Firmicutes;c__Bacilli;o__Bacillales;f__Staphylococcaceae;
Bifidobacteriaceae	0.000717051484296572	0.000448746714532983	0	0.000743183612801338	0.000392253003187056	0.00126719768283852	0.00120256547300909	0.00280504908835905	0.000789444005864441	0.00106626047220107	0.000168770674407615	0.00384122919334187	0	0	0	0	0	0.00108006574313219	0.000866832809621844	0	0.000665899872873661	0	0	0.00184808025948555	k__Bacteria;p__Actinobacteria;c__Actinobacteria;o__Bifidobacteriales;f__Bifidobacteriaceae;
Dehalobacteriaceae	0.000932166929585544	0	0.000477522341223822	0.000464489758000836	0.000539347879382202	9.05141202027516e-05	0.00334045964724746	0	0.000451110860493966	0.000253871541000254	0.00270033079052184	0.000278349941546512	0.0016419544233257	0.000824482273631117	0.000827093853386732	0.000170154840905224	0.00122310305775764	0.00122094388354074	0.000270885253006826	0.00293663829575432	0.000665899872873661	0.000854068211581165	0.000753142923353224	0.000942898091574263	k__Bacteria;p__Firmicutes;c__Clostridia;o__Clostridiales;f__Dehalobacteriaceae;
Pasteurellaceae	0	0	0	0	0	0	0	0	0	0	0.000168770674407615	0	0.00144292964474077	0	0	0	0	0	0	0	0	0	0	0	k__Bacteria;p__Proteobacteria;c__Gammaproteobacteria;o__Pasteurellales;f__Pasteurellaceae;
Bacteroidaceae	0	0	0	0	0	0	0	0	0	0.000152322924600152	0.00141767366502397	0	0	0	0.000261187532648442	0	0	0	0	0	0	0	0.00052140663924454	0	k__Bacteria;p__Bacteroidetes;c__Bacteroidia;o__Bacteroidales;f__Bacteroidaceae;
Corynebacteriaceae	0	0	0	0	0	0	0	0	0	0	0	0	0.000995123892924669	0	0	0	0	0	0	0	0	0	0	0	k__Bacteria;p__Actinobacteria;c__Actinobacteria;o__Actinomycetales;f__Corynebacteriaceae;
Helicobacteraceae	0	0	0	0	0	0.000181028240405503	0	0	0	0	0.000101262404644569	0	0	0	0.000174125021765628	0	0	0	0.000162531151804096	0.000945697078293763	0	0	0.000173802213081513	0	k__Bacteria;p__Proteobacteria;c__Epsilonproteobacteria;o__Campylobacterales;f__Helicobacteraceae;
Prevotellaceae	0	0	0	0	0	0.000181028240405503	0	0	0.000112777715123492	0.000253871541000254	0.000911361641801121	0	0.000348293362523634	0.000630486444541442	0.000217656277207035	0	0	0	0	0	0	0	0	0.000641170702270499	k__Bacteria;p__Bacteroidetes;c__Bacteroidia;o__Bacteroidales;f__Prevotellaceae;
Peptococcaceae	0	0	0	0	0	0	0	0	0	0	0	0	0	9.69979145448373e-05	0	0	0	0	0	0	0.000363218112476542	0.000854068211581165	0	0	k__Bacteria;p__Firmicutes;c__Clostridia;o__Clostridiales;f__Peptococcaceae;
Enterococcaceae	0	0	0	0	0	0	0	0	0	0	0.000168770674407615	0	0.000845855308985969	0	0	0	0	0.00042263442122564	0	0	0	0	0	0	k__Bacteria;p__Firmicutes;c__Bacilli;o__Lactobacillales;f__Enterococcaceae;
Aerococcaceae	0	0	0.000136434954635378	0	0	0	0	0	0	0	0	0	0.000845855308985969	0	0	0	0	0.000140878140408547	0	0	0	0	0	0	k__Bacteria;p__Firmicutes;c__Bacilli;o__Lactobacillales;f__Aerococcaceae;
Actinomycetaceae	0	0	0	0	0	0	0	0.000280504908835905	0	0	0	0.000334019929855815	0.000547318141108568	0	0.000261187532648442	0	0	0.000375675041089458	0	0	0	0	0	0	k__Bacteria;p__Actinobacteria;c__Actinobacteria;o__Actinomycetales;f__Actinomycetaceae;
Micrococcaceae	0	0.000384640041028271	0	0	0	0	0	0	0	0	0.000135016539526092	0	0.000298537167877401	0.000533488529996605	0.000348250043531255	0	0	0	0	0	0	0	0	0	k__Bacteria;p__Actinobacteria;c__Actinobacteria;o__Actinomycetales;f__Micrococcaceae;
Burkholderiaceae	0.000215115445288972	0	0	0.000185795903200334	0	0.000226285300506879	0	0	0	0	0	0	0.000348293362523634	0	0.000174125021765628	0	0	0.000281756280817093	0	0	0	0	0	0	k__Bacteria;p__Proteobacteria;c__Betaproteobacteria;o__Burkholderiales;f__Burkholderiaceae;
Verrucomicrobiaceae	0	0	0	0	0	0	0	0	0	0	0	0	0	0	0	0	0	0	0	0	0.000242145408317695	0	0	0	k__Bacteria;p__Verrucomicrobia;c__Verrucomicrobiae;o__Verrucomicrobiales;f__Verrucomicrobiaceae;
Eubacteriaceae	0	0	0.000136434954635378	0	0	0	0	0	0	0	0	0	0	0	0	0	0	0	0	0	0	0	0	0	k__Bacteria;p__Firmicutes;c__Clostridia;o__Clostridiales;f__Eubacteriaceae;
Moraxellaceae	0	0	0	0	0	0	0	0	0	0	0	0	0	0	0	0.000113436560603483	0	0	0	0	0	0	0	0	k__Bacteria;p__Proteobacteria;c__Gammaproteobacteria;o__Pseudomonadales;f__Moraxellaceae;
Rikenellaceae	0	0	0	0	0	0	0	0	0	0	0.000101262404644569	0	0	0	0	0	0	0	0	0	0	0	0	0	k__Bacteria;p__Bacteroidetes;c__Bacteroidia;o__Bacteroidales;f__Rikenellaceae;
unclassified	0.128925856876524	0.151740496185653	0.13636673715806	0.117190765943611	0.138416278499633	0.0795619116582182	0.0684794227685729	0.0797755960729309	0.170031201834517	0.132165524244732	0.164315128603254	0.0878472415520793	0.208976017514181	0.132450652310975	0.127720703465088	0.252736657024559	0.107678369195923	0.161681145808875	0.139560082349117	0.112388631725648	0.0740964949452144	0.101577179297387	0.196686171137246	0.103681074149506	unclassified
